ZAI = [
1001
];

NAMES = [
'H1              '
];

i10010  = 1; iH1               = 1;

MAT_fuel_VOLUME = [ 9.00000E+06 9.00000E+06 9.00000E+06 9.00000E+06 9.00000E+06 9.00000E+06 9.00000E+06 9.00000E+06 9.00000E+06 9.00000E+06 9.00000E+06 9.00000E+06 9.00000E+06 9.00000E+06 9.00000E+06 9.00000E+06 9.00000E+06 9.00000E+06 9.00000E+06 9.00000E+06 9.00000E+06 9.00000E+06 9.00000E+06 9.00000E+06 9.00000E+06 9.00000E+06 9.00000E+06 9.00000E+06 9.00000E+06 9.00000E+06 9.00000E+06 9.00000E+06 9.00000E+06 9.00000E+06 9.00000E+06 9.00000E+06 9.00000E+06 9.00000E+06 9.00000E+06 9.00000E+06 9.00000E+06 9.00000E+06 9.00000E+06 9.00000E+06 9.00000E+06 9.00000E+06 9.00000E+06 9.00000E+06 9.00000E+06 9.00000E+06 9.00000E+06 ];

MAT_fuel_FMASS = [ 1.53852E+04 1.53852E+04 1.53852E+04 1.53852E+04 1.53852E+04 1.53852E+04 1.53852E+04 1.53852E+04 1.53852E+04 1.53852E+04 1.53852E+04 1.53852E+04 1.53852E+04 1.53852E+04 1.53852E+04 1.53852E+04 1.53852E+04 1.53852E+04 1.53852E+04 1.53852E+04 1.53852E+04 1.53852E+04 1.53852E+04 1.53852E+04 1.53852E+04 1.53852E+04 1.53852E+04 1.53852E+04 1.53852E+04 1.53852E+04 1.53852E+04 1.53852E+04 1.53852E+04 1.53852E+04 1.53852E+04 1.53852E+04 1.53852E+04 1.53852E+04 1.53852E+04 1.53852E+04 1.53852E+04 1.53852E+04 1.53852E+04 1.53852E+04 1.53852E+04 1.53852E+04 1.53852E+04 1.53852E+04 1.53852E+04 1.53852E+04 1.53852E+04 ];

MAT_fuel_BURNUP = [ 0.00000E+00 2.05472E+00 4.05659E+00 6.05455E+00 8.05065E+00 1.00488E+01 1.20476E+01 1.40467E+01 1.60459E+01 1.80453E+01 2.00447E+01 2.20442E+01 2.40436E+01 2.60430E+01 2.80426E+01 3.00421E+01 3.20418E+01 3.40414E+01 3.60410E+01 3.80407E+01 4.00405E+01 4.20403E+01 4.40400E+01 4.60398E+01 4.80397E+01 5.00396E+01 5.20395E+01 5.40394E+01 5.60393E+01 5.80392E+01 6.00392E+01 6.20392E+01 6.40391E+01 6.60392E+01 6.80391E+01 7.00390E+01 7.20390E+01 7.40391E+01 7.60391E+01 7.80392E+01 8.00393E+01 8.20394E+01 8.40395E+01 8.60396E+01 8.80397E+01 9.00398E+01 9.20399E+01 9.40400E+01 9.60401E+01 9.80403E+01 1.00041E+02 ];

MAT_fuel_ADENS = [
0.00000E+00 4.19210E-13 4.25168E-13 4.22863E-13 4.25272E-13 4.30995E-13 4.31007E-13 4.33353E-13 4.22451E-13 4.32519E-13 4.27434E-13 4.32863E-13 4.30123E-13 4.35209E-13 4.27290E-13 4.31080E-13 4.32846E-13 4.30221E-13 4.35926E-13 4.30470E-13 4.33829E-13 4.33860E-13 4.33992E-13 4.33672E-13 4.31093E-13 4.33580E-13 4.32474E-13 4.34017E-13 4.33355E-13 4.35842E-13 4.28035E-13 4.36244E-13 4.34985E-13 4.32260E-13 4.40297E-13 4.34950E-13 4.33272E-13 4.32458E-13 4.37825E-13 4.37380E-13 4.35970E-13 4.37835E-13 4.36386E-13 4.35007E-13 4.37986E-13 4.39039E-13 4.38190E-13 4.34870E-13 4.40198E-13 4.39092E-13 4.39237E-13 % H1
];

MAT_fuel_MDENS = [
0.00000E+00 7.01573E-13 7.11544E-13 7.07686E-13 7.11717E-13 7.21295E-13 7.21316E-13 7.25242E-13 7.06998E-13 7.23847E-13 7.15337E-13 7.24423E-13 7.19837E-13 7.28348E-13 7.15095E-13 7.21439E-13 7.24393E-13 7.20001E-13 7.29547E-13 7.20417E-13 7.26039E-13 7.26090E-13 7.26312E-13 7.25777E-13 7.21460E-13 7.25623E-13 7.23771E-13 7.26353E-13 7.25245E-13 7.29408E-13 7.16342E-13 7.30081E-13 7.27973E-13 7.23414E-13 7.36863E-13 7.27916E-13 7.25106E-13 7.23744E-13 7.32727E-13 7.31981E-13 7.29622E-13 7.32743E-13 7.30317E-13 7.28011E-13 7.32996E-13 7.34758E-13 7.33337E-13 7.27781E-13 7.36698E-13 7.34847E-13 7.35089E-13 % H1
];

MAT_fuel_REPRO_REMOVE_MDENS = [
0.00000E+00 1.62098E-14 1.64401E-14 1.63510E-14 1.64442E-14 1.66655E-14 1.66659E-14 1.67566E-14 1.63351E-14 1.67244E-14 1.65278E-14 1.67377E-14 1.66318E-14 1.68284E-14 1.65222E-14 1.66688E-14 1.67370E-14 1.66356E-14 1.68561E-14 1.66452E-14 1.67751E-14 1.67762E-14 1.67814E-14 1.67690E-14 1.66693E-14 1.67654E-14 1.67226E-14 1.67823E-14 1.67567E-14 1.68529E-14 1.65510E-14 1.68684E-14 1.68197E-14 1.67144E-14 1.70251E-14 1.68184E-14 1.67535E-14 1.67220E-14 1.69296E-14 1.69124E-14 1.68579E-14 1.69300E-14 1.68739E-14 1.68206E-14 1.69358E-14 1.69765E-14 1.69437E-14 1.68153E-14 1.70213E-14 1.69786E-14 1.69841E-14 % H1
];

MAT_fuel_REPRO_REFILL_CRIT_MDENS = [
0.00000E+00 0.00000E+00 0.00000E+00 0.00000E+00 0.00000E+00 0.00000E+00 0.00000E+00 0.00000E+00 0.00000E+00 0.00000E+00 0.00000E+00 0.00000E+00 0.00000E+00 0.00000E+00 0.00000E+00 0.00000E+00 0.00000E+00 0.00000E+00 0.00000E+00 0.00000E+00 0.00000E+00 0.00000E+00 0.00000E+00 0.00000E+00 0.00000E+00 0.00000E+00 0.00000E+00 0.00000E+00 0.00000E+00 0.00000E+00 0.00000E+00 0.00000E+00 0.00000E+00 0.00000E+00 0.00000E+00 0.00000E+00 0.00000E+00 0.00000E+00 0.00000E+00 0.00000E+00 0.00000E+00 0.00000E+00 0.00000E+00 0.00000E+00 0.00000E+00 0.00000E+00 0.00000E+00 0.00000E+00 0.00000E+00 0.00000E+00 0.00000E+00 % H1
];

MAT_fuel_REPRO_REMOVE_CRIT_MDENS = [
0.00000E+00 0.00000E+00 0.00000E+00 0.00000E+00 0.00000E+00 0.00000E+00 0.00000E+00 0.00000E+00 0.00000E+00 0.00000E+00 0.00000E+00 0.00000E+00 0.00000E+00 0.00000E+00 0.00000E+00 0.00000E+00 0.00000E+00 0.00000E+00 0.00000E+00 0.00000E+00 0.00000E+00 0.00000E+00 0.00000E+00 0.00000E+00 0.00000E+00 0.00000E+00 0.00000E+00 0.00000E+00 0.00000E+00 0.00000E+00 0.00000E+00 0.00000E+00 0.00000E+00 0.00000E+00 0.00000E+00 0.00000E+00 0.00000E+00 0.00000E+00 0.00000E+00 0.00000E+00 0.00000E+00 0.00000E+00 0.00000E+00 0.00000E+00 0.00000E+00 0.00000E+00 0.00000E+00 0.00000E+00 0.00000E+00 0.00000E+00 0.00000E+00 % H1
];

MAT_fuel_A = [
0.00000E+00 0.00000E+00 0.00000E+00 0.00000E+00 0.00000E+00 0.00000E+00 0.00000E+00 0.00000E+00 0.00000E+00 0.00000E+00 0.00000E+00 0.00000E+00 0.00000E+00 0.00000E+00 0.00000E+00 0.00000E+00 0.00000E+00 0.00000E+00 0.00000E+00 0.00000E+00 0.00000E+00 0.00000E+00 0.00000E+00 0.00000E+00 0.00000E+00 0.00000E+00 0.00000E+00 0.00000E+00 0.00000E+00 0.00000E+00 0.00000E+00 0.00000E+00 0.00000E+00 0.00000E+00 0.00000E+00 0.00000E+00 0.00000E+00 0.00000E+00 0.00000E+00 0.00000E+00 0.00000E+00 0.00000E+00 0.00000E+00 0.00000E+00 0.00000E+00 0.00000E+00 0.00000E+00 0.00000E+00 0.00000E+00 0.00000E+00 0.00000E+00 % H1
];

MAT_fuel_H = [
0.00000E+00 0.00000E+00 0.00000E+00 0.00000E+00 0.00000E+00 0.00000E+00 0.00000E+00 0.00000E+00 0.00000E+00 0.00000E+00 0.00000E+00 0.00000E+00 0.00000E+00 0.00000E+00 0.00000E+00 0.00000E+00 0.00000E+00 0.00000E+00 0.00000E+00 0.00000E+00 0.00000E+00 0.00000E+00 0.00000E+00 0.00000E+00 0.00000E+00 0.00000E+00 0.00000E+00 0.00000E+00 0.00000E+00 0.00000E+00 0.00000E+00 0.00000E+00 0.00000E+00 0.00000E+00 0.00000E+00 0.00000E+00 0.00000E+00 0.00000E+00 0.00000E+00 0.00000E+00 0.00000E+00 0.00000E+00 0.00000E+00 0.00000E+00 0.00000E+00 0.00000E+00 0.00000E+00 0.00000E+00 0.00000E+00 0.00000E+00 0.00000E+00 % H1
];

MAT_fuel_SF = [
0.00000E+00 0.00000E+00 0.00000E+00 0.00000E+00 0.00000E+00 0.00000E+00 0.00000E+00 0.00000E+00 0.00000E+00 0.00000E+00 0.00000E+00 0.00000E+00 0.00000E+00 0.00000E+00 0.00000E+00 0.00000E+00 0.00000E+00 0.00000E+00 0.00000E+00 0.00000E+00 0.00000E+00 0.00000E+00 0.00000E+00 0.00000E+00 0.00000E+00 0.00000E+00 0.00000E+00 0.00000E+00 0.00000E+00 0.00000E+00 0.00000E+00 0.00000E+00 0.00000E+00 0.00000E+00 0.00000E+00 0.00000E+00 0.00000E+00 0.00000E+00 0.00000E+00 0.00000E+00 0.00000E+00 0.00000E+00 0.00000E+00 0.00000E+00 0.00000E+00 0.00000E+00 0.00000E+00 0.00000E+00 0.00000E+00 0.00000E+00 0.00000E+00 % H1
];

MAT_fuel_ING_TOX = [
0.00000E+00 0.00000E+00 0.00000E+00 0.00000E+00 0.00000E+00 0.00000E+00 0.00000E+00 0.00000E+00 0.00000E+00 0.00000E+00 0.00000E+00 0.00000E+00 0.00000E+00 0.00000E+00 0.00000E+00 0.00000E+00 0.00000E+00 0.00000E+00 0.00000E+00 0.00000E+00 0.00000E+00 0.00000E+00 0.00000E+00 0.00000E+00 0.00000E+00 0.00000E+00 0.00000E+00 0.00000E+00 0.00000E+00 0.00000E+00 0.00000E+00 0.00000E+00 0.00000E+00 0.00000E+00 0.00000E+00 0.00000E+00 0.00000E+00 0.00000E+00 0.00000E+00 0.00000E+00 0.00000E+00 0.00000E+00 0.00000E+00 0.00000E+00 0.00000E+00 0.00000E+00 0.00000E+00 0.00000E+00 0.00000E+00 0.00000E+00 0.00000E+00 % H1
];

